16.25 21.75 32.5
16 21.5 33
15.75 21.25 33.5
15.5 21 34
16 22.5 32
15.75 22.25 32.5
15.5 22 33
15.25 21.75 33.5
15.75 23.25 31.5
15.5 23 32
15.25 22.75 32.5
15 22.5 33
17.25 19.75 33.5
17 19.5 34
17.25 20.75 32.5
17 20.5 33
16.75 20.25 33.5
16.5 20 34
17.25 21.75 31.5
17 21.5 32
16.75 21.25 32.5
16.5 21 33
16.25 20.75 33.5
17 22.5 31
16.75 22.25 31.5
16 21.5 33
16.75 23.25 30.5
16.5 23 31
16.25 22.75 31.5
16 22.5 32
15.75 22.25 32.5
16.25 23.75 30.5
16 23.5 31
15.75 23.25 31.5
15.5 23 32
15.75 24.25 30.5
15.5 24 31
18.25 18.75 33.5
18 18.5 34
18.25 19.75 32.5
18 19.5 33
17.75 19.25 33.5
17.5 19 34
18.25 20.75 31.5
18 20.5 32
17.75 20.25 32.5
17.5 20 33
17.25 19.75 33.5
23.25 26.75 20.5
23 26.5 21
22.75 26.25 21.5
18.75 22.25 29.5
18.5 22 30
18.25 21.75 30.5
18 21.5 31
17.75 21.25 31.5
17 20.5 33
23 27.5 20
22.75 27.25 20.5
22.5 27 21
18.5 23 29
18.25 22.75 29.5
18 22.5 30
17.75 22.25 30.5
16.75 21.25 32.5
22.75 28.25 19.5
22.5 28 20
22.25 27.75 20.5
18.25 23.75 28.5
18 23.5 29
17.75 23.25 29.5
17.5 23 30
17.25 22.75 30.5
16.5 22 32
17.25 23.75 29.5
17 23.5 30
16.75 23.25 30.5
16.5 23 31
16.25 22.75 31.5
16.75 24.25 29.5
16.5 24 30
16.25 23.75 30.5
16 23.5 31
16.25 24.75 29.5
16 24.5 30
19.25 17.75 33.5
19 17.5 34
19.25 18.75 32.5
19 18.5 33
18.75 18.25 33.5
18.5 18 34
24.5 25 21
24.25 24.75 21.5
24 24.5 22
22 22.5 26
21.75 22.25 26.5
21.5 22 27
19 19.5 32
18.75 19.25 32.5
18.5 19 33
18.25 18.75 33.5
27.4444 29.0556 14
27.25 28.75 14.5
27 28.5 15
26.75 28.25 15.5
26.25 27.75 16.5
26 27.5 17
25.75 27.25 17.5
25.5 27 18
24.75 26.25 19.5
24.5 26 20
24.25 25.75 20.5
24 25.5 21
23.75 25.25 21.5
23.5 25 22
23 24.5 23
22.75 24.25 23.5
22.5 24 24
22.25 23.75 24.5
22 23.5 25
21.75 23.25 25.5
21.5 23 26
21.25 22.75 26.5
21 22.5 27
20 21.5 29
19.75 21.25 29.5
19.5 21 30
19.25 20.75 30.5
19 20.5 31
18.75 20.25 31.5
18.5 20 32
18.25 19.75 32.5
18 19.5 33
32.5 36.5 1.5
32 36 2.5
31.5 35.5 3.5
31 35 4.5
30.5 34.5 5.5
30 34 6.5
29.5 33.5 7.5
29 33 8.5
28.5 32.5 9.5
28 32 10.5
27.6667 31.25 11.5833
27.5556 30.5556 12.3889
27.4444 30.0556 13
27.25 29.75 13.5
27 29.5 14
26.75 29.25 14.5
26.5 29 15
26.25 28.75 15.5
26 28.5 16
25.75 28.25 16.5
25.5 28 17
25.25 27.75 17.5
25 27.5 18
24.75 27.25 18.5
24.5 27 19
24.25 26.75 19.5
24 26.5 20
23.75 26.25 20.5
23.5 26 21
23.25 25.75 21.5
23 25.5 22
22.75 25.25 22.5
22.5 25 23
22.25 24.75 23.5
22 24.5 24
21.75 24.25 24.5
21.5 24 25
21.25 23.75 25.5
21 23.5 26
20.75 23.25 26.5
20 22.5 28
19.75 22.25 28.5
19.5 22 29
19.25 21.75 29.5
19 21.5 30
18.75 21.25 30.5
18.5 21 31
18.25 20.75 31.5
18 20.5 32
17.75 20.25 32.5
32 37 1.5
31.5 36.5 2.5
31 36 3.5
30.5 35.5 4.5
30 35 5.5
29.5 34.5 6.5
29 34 7.5
28.5 33.5 8.5
28 33 9.5
27.6667 32.25 10.5833
27.5556 31.5556 11.3889
27.4444 31.0556 12
27.25 30.75 12.5
27 30.5 13
26.75 30.25 13.5
26.5 30 14
26.25 29.75 14.5
26 29.5 15
25.75 29.25 15.5
25.5 29 16
25.25 28.75 16.5
25 28.5 17
24.75 28.25 17.5
24.5 28 18
24.25 27.75 18.5
24 27.5 19
23.75 27.25 19.5
23.25 26.75 20.5
23 26.5 21
22.75 26.25 21.5
22.5 26 22
22.25 25.75 22.5
22 25.5 23
21.75 25.25 23.5
21.5 25 24
21.25 24.75 24.5
21 24.5 25
20.75 24.25 25.5
20.5 24 26
19.75 23.25 27.5
19.5 23 28
19.25 22.75 28.5
18 21.5 31
17.75 21.25 31.5
17.5 21 32
31.5 37.5 1.5
31 37 2.5
30.5 36.5 3.5
30 36 4.5
29.5 35.5 5.5
29 35 6.5
28.5 34.5 7.5
28 34 8.5
27.6667 33.25 9.58333
27.5556 32.5556 10.3889
27.4444 32.0556 11
27.25 31.75 11.5
27 31.5 12
26.75 31.25 12.5
26.5 31 13
26.25 30.75 13.5
26 30.5 14
25.75 30.25 14.5
25.5 30 15
25.25 29.75 15.5
25 29.5 16
24.75 29.25 16.5
24.5 29 17
24.25 28.75 17.5
24 28.5 18
23.75 28.25 18.5
23.5 28 19
23.25 27.75 19.5
23 27.5 20
22.75 27.25 20.5
22.5 27 21
22.25 26.75 21.5
22 26.5 22
21.75 26.25 22.5
21.5 26 23
21.25 25.75 23.5
21 25.5 24
20.75 25.25 24.5
20.5 25 25
20.25 24.75 25.5
19.5 24 27
19.25 23.75 27.5
19 23.5 28
18.75 23.25 28.5
18.5 23 29
18.25 22.75 29.5
18 22.5 30
17.75 22.25 30.5
17.5 22 31
17.25 21.75 31.5
26.5 32 12
26.25 31.75 12.5
26 31.5 13
25.75 31.25 13.5
25.25 30.75 14.5
25 30.5 15
24.75 30.25 15.5
24.5 30 16
23.75 29.25 17.5
23.5 29 18
23.25 28.75 18.5
23 28.5 19
22.75 28.25 19.5
22.5 28 20
22 27.5 21
21.75 27.25 21.5
21.5 27 22
21.25 26.75 22.5
21 26.5 23
20.75 26.25 23.5
20.5 26 24
20.25 25.75 24.5
20 25.5 25
19 24.5 27
18.75 24.25 27.5
18.5 24 28
18.25 23.75 28.5
18 23.5 29
17.75 23.25 29.5
17.5 23 30
17.25 22.75 30.5
17 22.5 31
23 29.5 18
22.75 29.25 18.5
22.5 29 19
20.5 27 23
20.25 26.75 23.5
20 26.5 24
17.5 24 29
17.25 23.75 29.5
17 23.5 30
16.75 23.25 30.5
17.25 24.75 28.5
17 24.5 29
16.75 24.25 29.5
16.5 24 30
16.75 25.25 28.5
16.5 25 29
20.25 16.75 33.5
20 16.5 34
20.25 17.75 32.5
20 17.5 33
19.75 17.25 33.5
19.5 17 34
25.5 24 21
25.25 23.75 21.5
25 23.5 22
23 21.5 26
22.75 21.25 26.5
22.5 21 27
20 18.5 32
19.75 18.25 32.5
19.5 18 33
19.25 17.75 33.5
34 35 1.5
33.5 34.5 2.5
33 34 3.5
32.5 33.5 4.5
32 33 5.5
31.5 32.5 6.5
31 32 7.5
30.5 31.5 8.5
30 31 9.5
29.5 30.5 10.5
29 30 11.5
28.6667 29.25 12.5833
28.5556 28.5556 13.3889
28.4444 28.0556 14
28.25 27.75 14.5
28 27.5 15
27.75 27.25 15.5
27.25 26.75 16.5
27 26.5 17
26.75 26.25 17.5
26.5 26 18
26.25 25.75 18.5
26 25.5 19
25.75 25.25 19.5
25.5 25 20
25.25 24.75 20.5
25 24.5 21
24.75 24.25 21.5
24.5 24 22
24 23.5 23
23.75 23.25 23.5
23.5 23 24
23.25 22.75 24.5
23 22.5 25
22.75 22.25 25.5
22.5 22 26
22.25 21.75 26.5
22 21.5 27
20.75 20.25 29.5
20.5 20 30
20.25 19.75 30.5
20 19.5 31
19.75 19.25 31.5
19.5 19 32
19.25 18.75 32.5
19 18.5 33
34 36 0.5
33.5 35.5 1.5
33 35 2.5
32.5 34.5 3.5
32 34 4.5
31.5 33.5 5.5
31 33 6.5
30.5 32.5 7.5
30 32 8.5
29.5 31.5 9.5
29 31 10.5
28.6667 30.25 11.5833
28.5556 29.5556 12.3889
28.4444 29.0556 13
28.25 28.75 13.5
28 28.5 14
27.75 28.25 14.5
27.5 28 15
27.25 27.75 15.5
27 27.5 16
26.75 27.25 16.5
26.5 27 17
26.25 26.75 17.5
26 26.5 18
25.75 26.25 18.5
25.5 26 19
25.25 25.75 19.5
25 25.5 20
24.5 25 21
24.25 24.75 21.5
24 24.5 22
23.75 24.25 22.5
23.5 24 23
23.25 23.75 23.5
23 23.5 24
22.75 23.25 24.5
22.5 23 25
22 22.5 26
21.75 22.25 26.5
21.5 22 27
21 21.5 28
20.75 21.25 28.5
20.5 21 29
20.25 20.75 29.5
20 20.5 30
19.75 20.25 30.5
19.5 20 31
19.25 19.75 31.5
19 19.5 32
33.5 36.5 0.5
33 36 1.5
32.5 35.5 2.5
32 35 3.5
31.5 34.5 4.5
31 34 5.5
30.5 33.5 6.5
30 33 7.5
29.5 32.5 8.5
29 32 9.5
28.6667 31.25 10.5833
28.5556 30.5556 11.3889
28.4444 30.0556 12
28.25 29.75 12.5
28 29.5 13
27.25 28.75 14.5
27 28.5 15
26.75 28.25 15.5
26 27.5 17
25.75 27.25 17.5
25.5 27 18
25.25 26.75 18.5
24 25.5 21
23.75 25.25 21.5
23.5 25 22
21.5 23 26
21.25 22.75 26.5
21 22.5 27
20.75 22.25 27.5
20.5 22 28
19.25 20.75 30.5
19 20.5 31
33 37 0.5
32.5 36.5 1.5
26.75 29.25 14.5
26.5 29 15
23.5 26 21
23.25 25.75 21.5
21.25 23.75 25.5
21 23.5 26
20.75 23.25 26.5
20.5 23 27
19 21.5 30
18.75 21.25 30.5
32.5 37.5 0.5
32 37 1.5
31.5 36.5 2.5
31 36 3.5
30.5 35.5 4.5
30 35 5.5
29.5 34.5 6.5
29 34 7.5
28.6667 33.25 8.58333
28.5556 32.5556 9.38889
28.4444 32.0556 10
28.25 31.75 10.5
28 31.5 11
27.75 31.25 11.5
27.5 31 12
26.75 30.25 13.5
26.5 30 14
26.25 29.75 14.5
25.5 29 16
25.25 28.75 16.5
25 28.5 17
24.75 28.25 17.5
23.5 27 20
23.25 26.75 20.5
23 26.5 21
21 24.5 25
20.75 24.25 25.5
20.5 24 26
20.25 23.75 26.5
20 23.5 27
18.75 22.25 29.5
18.5 22 30
32 38 0.5
31.5 37.5 1.5
31 37 2.5
30.5 36.5 3.5
30 36 4.5
29.5 35.5 5.5
29 35 6.5
28.6667 34.25 7.58333
28.5556 33.5556 8.38889
28.4444 33.0556 9
28.25 32.75 9.5
28 32.5 10
27.75 32.25 10.5
27.5 32 11
27.25 31.75 11.5
27 31.5 12
26.75 31.25 12.5
26.5 31 13
26.25 30.75 13.5
26 30.5 14
25.75 30.25 14.5
25.5 30 15
25.25 29.75 15.5
25 29.5 16
24.75 29.25 16.5
24.5 29 17
24.25 28.75 17.5
24 28.5 18
23.5 28 19
23.25 27.75 19.5
23 27.5 20
22.75 27.25 20.5
22.5 27 21
22.25 26.75 21.5
22 26.5 22
21.75 26.25 22.5
21.5 26 23
21 25.5 24
20.75 25.25 24.5
20.5 25 25
20 24.5 26
19.75 24.25 26.5
19.5 24 27
19.25 23.75 27.5
19 23.5 28
18.75 23.25 28.5
18.5 23 29
18.25 22.75 29.5
18 22.5 30
31 38 1.5
30.5 37.5 2.5
30 37 3.5
29.5 36.5 4.5
29 36 5.5
28.6667 35.25 6.58333
28.5556 34.5556 7.38889
28.4444 34.0556 8
28.25 33.75 8.5
28 33.5 9
27.75 33.25 9.5
27.5 33 10
27.25 32.75 10.5
27 32.5 11
26.75 32.25 11.5
26.5 32 12
26.25 31.75 12.5
25.75 31.25 13.5
25.5 31 14
25.25 30.75 14.5
25 30.5 15
24.75 30.25 15.5
24.5 30 16
24.25 29.75 16.5
24 29.5 17
23.75 29.25 17.5
23.5 29 18
23.25 28.75 18.5
23 28.5 19
22.5 28 20
22.25 27.75 20.5
22 27.5 21
21.75 27.25 21.5
21.5 27 22
21.25 26.75 22.5
21 26.5 23
20.75 26.25 23.5
20.5 26 24
19.25 24.75 26.5
19 24.5 27
18.75 24.25 27.5
18.5 24 28
18.25 23.75 28.5
18 23.5 29
17.75 23.25 29.5
17.5 23 30
23.5 30 17
23.25 29.75 17.5
23 29.5 18
21 27.5 22
20.75 27.25 22.5
20.5 27 23
18 24.5 28
17.75 24.25 28.5
17.5 24 29
17.25 23.75 29.5
17.75 25.25 27.5
17.5 25 28
17.25 24.75 28.5
17 24.5 29
17.25 25.75 27.5
17 25.5 28
21.25 16.75 32.5
21 16.5 33
20.75 16.25 33.5
20.5 16 34
21.25 17.75 31.5
21 17.5 32
20.75 17.25 32.5
20.5 17 33
20.25 16.75 33.5
29.4444 27.0556 14
29.25 26.75 14.5
29 26.5 15
28.75 26.25 15.5
28.25 25.75 16.5
28 25.5 17
27.75 25.25 17.5
27.5 25 18
26.75 24.25 19.5
26.5 24 20
26.25 23.75 20.5
26 23.5 21
25.75 23.25 21.5
25.5 23 22
25 22.5 23
24.75 22.25 23.5
24.5 22 24
24.25 21.75 24.5
24 21.5 25
23.75 21.25 25.5
23.5 21 26
23.25 20.75 26.5
23 20.5 27
22 19.5 29
21.75 19.25 29.5
21.5 19 30
21.25 18.75 30.5
21 18.5 31
20.75 18.25 31.5
20.5 18 32
20.25 17.75 32.5
20 17.5 33
35 35 0.5
34.5 34.5 1.5
34 34 2.5
33.5 33.5 3.5
33 33 4.5
32.5 32.5 5.5
32 32 6.5
31.5 31.5 7.5
31 31 8.5
30.5 30.5 9.5
30 30 10.5
29.6667 29.25 11.5833
29.5556 28.5556 12.3889
29.4444 28.0556 13
29.25 27.75 13.5
29 27.5 14
28.75 27.25 14.5
28.5 27 15
28.25 26.75 15.5
28 26.5 16
27.75 26.25 16.5
27.5 26 17
27.25 25.75 17.5
27 25.5 18
26.75 25.25 18.5
26.5 25 19
26.25 24.75 19.5
26 24.5 20
25.5 24 21
25.25 23.75 21.5
25 23.5 22
24.75 23.25 22.5
24.5 23 23
24.25 22.75 23.5
24 22.5 24
23.75 22.25 24.5
23.5 22 25
23 21.5 26
22.75 21.25 26.5
22.5 21 27
22 20.5 28
21.75 20.25 28.5
21.5 20 29
21.25 19.75 29.5
21 19.5 30
20.75 19.25 30.5
20.5 19 31
20.25 18.75 31.5
20 18.5 32
34.5 35.5 0.5
34 35 1.5
28.25 27.75 14.5
28 27.5 15
27.75 27.25 15.5
26.75 26.25 17.5
26.5 26 18
25 24.5 21
24.75 24.25 21.5
24.5 24 22
22.5 22 26
22.25 21.75 26.5
22 21.5 27
21.75 21.25 27.5
21.5 21 28
21.25 20.75 28.5
20.5 20 30
20.25 19.75 30.5
22 22.5 26
21.75 22.25 26.5
21.5 22 27
20 20.5 30
19.75 21.25 29.5
21.5 24 25
21.25 23.75 25.5
21 23.5 26
19.5 22 29
32.5 37.5 0.5
32 37 1.5
27.25 30.75 12.5
27 30.5 13
26.75 30.25 13.5
25.75 29.25 15.5
25.5 29 16
24 27.5 19
23.75 27.25 19.5
23.5 27 20
21.5 25 24
21.25 24.75 24.5
21 24.5 25
20.75 24.25 25.5
20.5 24 26
20.25 23.75 26.5
19.5 23 28
19.25 22.75 28.5
32 38 0.5
31.5 37.5 1.5
31 37 2.5
30.5 36.5 3.5
30 36 4.5
29.6667 35.25 5.58333
29.5556 34.5556 6.38889
29.4444 34.0556 7
29.25 33.75 7.5
29 33.5 8
28.75 33.25 8.5
28.5 33 9
28.25 32.75 9.5
28 32.5 10
27.75 32.25 10.5
27.5 32 11
27.25 31.75 11.5
27 31.5 12
26.75 31.25 12.5
26.5 31 13
26.25 30.75 13.5
26 30.5 14
25.75 30.25 14.5
25.5 30 15
25.25 29.75 15.5
25 29.5 16
24.75 29.25 16.5
24.5 29 17
24 28.5 18
23.75 28.25 18.5
23.5 28 19
23.25 27.75 19.5
23 27.5 20
22.75 27.25 20.5
22.5 27 21
22.25 26.75 21.5
22 26.5 22
21.5 26 23
21.25 25.75 23.5
21 25.5 24
20.5 25 25
20.25 24.75 25.5
20 24.5 26
19.75 24.25 26.5
19.5 24 27
19.25 23.75 27.5
19 23.5 28
18.75 23.25 28.5
18.5 23 29
27.5 33 10
27.25 32.75 10.5
27 32.5 11
26.75 32.25 11.5
26.25 31.75 12.5
26 31.5 13
25.75 31.25 13.5
25.5 31 14
24.75 30.25 15.5
24.5 30 16
24.25 29.75 16.5
24 29.5 17
23.75 29.25 17.5
23.5 29 18
23 28.5 19
22.75 28.25 19.5
22.5 28 20
22.25 27.75 20.5
22 27.5 21
21.75 27.25 21.5
21.5 27 22
21.25 26.75 22.5
21 26.5 23
20 25.5 25
19.75 25.25 25.5
19.5 25 26
19.25 24.75 26.5
19 24.5 27
18.75 24.25 27.5
18.5 24 28
18.25 23.75 28.5
18 23.5 29
18.75 25.25 26.5
18.5 25 27
18.25 24.75 27.5
18 24.5 28
17.75 24.25 28.5
18.25 25.75 26.5
18 25.5 27
17.75 25.25 27.5
17.5 25 28
22.25 15.75 32.5
22 15.5 33
21.75 15.25 33.5
21.5 15 34
22 16.5 32
21.75 16.25 32.5
21.5 16 33
21.25 15.75 33.5
27.25 22.75 20.5
27 22.5 21
26.75 22.25 21.5
22.75 18.25 29.5
22.5 18 30
22.25 17.75 30.5
22 17.5 31
21.75 17.25 31.5
21 16.5 33
35.5 33.5 1.5
35 33 2.5
34.5 32.5 3.5
34 32 4.5
33.5 31.5 5.5
33 31 6.5
32.5 30.5 7.5
32 30 8.5
31.5 29.5 9.5
31 29 10.5
30.6667 28.25 11.5833
30.5556 27.5556 12.3889
30.4444 27.0556 13
30.25 26.75 13.5
30 26.5 14
29.75 26.25 14.5
29.5 26 15
29.25 25.75 15.5
29 25.5 16
28.75 25.25 16.5
28.5 25 17
28.25 24.75 17.5
28 24.5 18
27.75 24.25 18.5
27.5 24 19
27.25 23.75 19.5
27 23.5 20
26.75 23.25 20.5
26.5 23 21
26.25 22.75 21.5
26 22.5 22
25.75 22.25 22.5
25.5 22 23
25.25 21.75 23.5
25 21.5 24
24.75 21.25 24.5
24.5 21 25
24.25 20.75 25.5
24 20.5 26
23.75 20.25 26.5
23 19.5 28
22.75 19.25 28.5
22.5 19 29
22.25 18.75 29.5
22 18.5 30
21.75 18.25 30.5
21.5 18 31
21.25 17.75 31.5
21 17.5 32
20.75 17.25 32.5
35.5 34.5 0.5
35 34 1.5
34.5 33.5 2.5
34 33 3.5
33.5 32.5 4.5
33 32 5.5
32.5 31.5 6.5
32 31 7.5
31.5 30.5 8.5
31 30 9.5
30.6667 29.25 10.5833
30.5556 28.5556 11.3889
30.4444 28.0556 12
30.25 27.75 12.5
30 27.5 13
29.25 26.75 14.5
29 26.5 15
28.75 26.25 15.5
28 25.5 17
27.75 25.25 17.5
27.5 25 18
27.25 24.75 18.5
26 23.5 21
25.75 23.25 21.5
25.5 23 22
23.5 21 26
23.25 20.75 26.5
23 20.5 27
22.75 20.25 27.5
22.5 20 28
21.25 18.75 30.5
21 18.5 31
23 21.5 26
22.75 21.25 26.5
22.5 21 27
21 19.5 30
20.75 20.25 29.5
20.5 21 29
20.25 21.75 28.5
22 24.5 24
21.75 24.25 24.5
21.5 24 25
20 22.5 28
32.5 37.5 0.5
32 37 1.5
31.5 36.5 2.5
31 36 3.5
30.6667 35.25 4.58333
30.5556 34.5556 5.38889
30.4444 34.0556 6
30.25 33.75 6.5
30 33.5 7
29.75 33.25 7.5
29.5 33 8
29.25 32.75 8.5
29 32.5 9
28.75 32.25 9.5
28.5 32 10
27.75 31.25 11.5
27.5 31 12
27.25 30.75 12.5
26.5 30 14
26.25 29.75 14.5
26 29.5 15
25.75 29.25 15.5
24.5 28 18
24.25 27.75 18.5
24 27.5 19
22 25.5 23
21.75 25.25 23.5
21.5 25 24
21.25 24.75 24.5
21 24.5 25
19.75 23.25 27.5
19.5 23 28
31.5 37.5 1.5
31 37 2.5
30.6667 36.25 3.58333
30.5556 35.5556 4.38889
30.4444 35.0556 5
30.25 34.75 5.5
30 34.5 6
29.75 34.25 6.5
29.5 34 7
29.25 33.75 7.5
29 33.5 8
28.75 33.25 8.5
28.5 33 9
28.25 32.75 9.5
28 32.5 10
27.75 32.25 10.5
27.5 32 11
27.25 31.75 11.5
27 31.5 12
26.75 31.25 12.5
26.5 31 13
26.25 30.75 13.5
26 30.5 14
25.75 30.25 14.5
25.5 30 15
25.25 29.75 15.5
25 29.5 16
24.75 29.25 16.5
24.5 29 17
24.25 28.75 17.5
24 28.5 18
23.75 28.25 18.5
23.5 28 19
23.25 27.75 19.5
23 27.5 20
22.75 27.25 20.5
22.5 27 21
22.25 26.75 21.5
22 26.5 22
21.75 26.25 22.5
21 25.5 24
20.75 25.25 24.5
20.5 25 25
20.25 24.75 25.5
20 24.5 26
19.75 24.25 26.5
19.5 24 27
19.25 23.75 27.5
19 23.5 28
18.75 23.25 28.5
24.75 30.25 15.5
24.5 30 16
24.25 29.75 16.5
20.25 25.75 24.5
20 25.5 25
19.75 25.25 25.5
19.5 25 26
19.25 24.75 26.5
18.5 24 28
19.25 25.75 25.5
19 25.5 26
18.75 25.25 26.5
18.5 25 27
18.25 24.75 27.5
18.75 26.25 25.5
18.5 26 26
18.25 25.75 26.5
18 25.5 27
23 15.5 32
22.75 15.25 32.5
22.5 15 33
22.25 14.75 33.5
22.75 16.25 31.5
22 15.5 33
28 22.5 20
27.75 22.25 20.5
27.5 22 21
23.5 18 29
23.25 17.75 29.5
23 17.5 30
22.75 17.25 30.5
22.5 17 31
21.75 16.25 32.5
36 33 1.5
35.5 32.5 2.5
35 32 3.5
34.5 31.5 4.5
34 31 5.5
33.5 30.5 6.5
33 30 7.5
32.5 29.5 8.5
32 29 9.5
31.6667 28.25 10.5833
31.5556 27.5556 11.3889
31.4444 27.0556 12
31.25 26.75 12.5
31 26.5 13
30.75 26.25 13.5
30.5 26 14
30.25 25.75 14.5
30 25.5 15
29.75 25.25 15.5
29.5 25 16
29.25 24.75 16.5
29 24.5 17
28.75 24.25 17.5
28.5 24 18
28.25 23.75 18.5
28 23.5 19
27.75 23.25 19.5
27.25 22.75 20.5
27 22.5 21
26.75 22.25 21.5
26.5 22 22
26.25 21.75 22.5
26 21.5 23
25.75 21.25 23.5
25.5 21 24
25.25 20.75 24.5
25 20.5 25
24.75 20.25 25.5
24.5 20 26
23.75 19.25 27.5
23.5 19 28
23.25 18.75 28.5
22 17.5 31
21.75 17.25 31.5
21.5 17 32
36 34 0.5
35.5 33.5 1.5
29.75 26.25 14.5
29.5 26 15
26.5 23 21
26.25 22.75 21.5
24.25 20.75 25.5
24 20.5 26
23.75 20.25 26.5
23.5 20 27
22 18.5 30
21.75 18.25 30.5
21.75 19.25 29.5
21.5 20 29
21.25 20.75 28.5
21 21.5 28
20.75 22.25 27.5
33 37 0.5
32.5 36.5 1.5
28.25 30.75 11.5
28 30.5 12
25 27.5 18
24.75 27.25 18.5
22.75 25.25 22.5
22.5 25 23
22.25 24.75 23.5
22 24.5 24
20.5 23 27
20.25 22.75 27.5
32 37 1.5
31.6667 36.25 2.58333
31.5556 35.5556 3.38889
31.4444 35.0556 4
31.25 34.75 4.5
31 34.5 5
30.75 34.25 5.5
30.5 34 6
30.25 33.75 6.5
30 33.5 7
29.75 33.25 7.5
29.5 33 8
29.25 32.75 8.5
29 32.5 9
28.75 32.25 9.5
28.5 32 10
28.25 31.75 10.5
28 31.5 11
27.75 31.25 11.5
27.5 31 12
27.25 30.75 12.5
27 30.5 13
26.75 30.25 13.5
26.5 30 14
26.25 29.75 14.5
26 29.5 15
25.75 29.25 15.5
25.25 28.75 16.5
25 28.5 17
24.75 28.25 17.5
24.5 28 18
24.25 27.75 18.5
24 27.5 19
23.75 27.25 19.5
23.5 27 20
23.25 26.75 20.5
23 26.5 21
22.75 26.25 21.5
22.5 26 22
21.75 25.25 23.5
21.5 25 24
21.25 24.75 24.5
20 23.5 27
19.75 23.25 27.5
19.5 23 28
25.5 30 15
25.25 29.75 15.5
25 29.5 16
21 25.5 24
20.75 25.25 24.5
20.5 25 25
20.25 24.75 25.5
19.25 23.75 27.5
20 25.5 25
19.75 25.25 25.5
19 24.5 27
19.5 26 25
19.25 25.75 25.5
19 25.5 26
18.75 25.25 26.5
23.75 15.25 31.5
23.5 15 32
23.25 14.75 32.5
23 14.5 33
23.5 16 31
23.25 15.75 31.5
23 15.5 32
22.75 15.25 32.5
28.75 22.25 19.5
28.5 22 20
28.25 21.75 20.5
24.25 17.75 28.5
24 17.5 29
23.75 17.25 29.5
23.5 17 30
23.25 16.75 30.5
22.5 16 32
36.5 32.5 1.5
36 32 2.5
35.5 31.5 3.5
35 31 4.5
34.5 30.5 5.5
34 30 6.5
33.5 29.5 7.5
33 29 8.5
32.6667 28.25 9.58333
32.5556 27.5556 10.3889
32.4444 27.0556 11
32.25 26.75 11.5
32 26.5 12
31.75 26.25 12.5
31.5 26 13
31.25 25.75 13.5
31 25.5 14
30.75 25.25 14.5
30.5 25 15
30.25 24.75 15.5
30 24.5 16
29.75 24.25 16.5
29.5 24 17
29.25 23.75 17.5
29 23.5 18
28.75 23.25 18.5
28.5 23 19
28.25 22.75 19.5
28 22.5 20
27.75 22.25 20.5
27.5 22 21
27.25 21.75 21.5
27 21.5 22
26.75 21.25 22.5
26.5 21 23
26.25 20.75 23.5
26 20.5 24
25.75 20.25 24.5
25.5 20 25
25.25 19.75 25.5
24.5 19 27
24.25 18.75 27.5
24 18.5 28
23.75 18.25 28.5
23.5 18 29
23.25 17.75 29.5
23 17.5 30
22.75 17.25 30.5
22.5 17 31
22.25 16.75 31.5
36.5 33.5 0.5
36 33 1.5
35.5 32.5 2.5
35 32 3.5
34.5 31.5 4.5
34 31 5.5
33.5 30.5 6.5
33 30 7.5
32.6667 29.25 8.58333
32.5556 28.5556 9.38889
32.4444 28.0556 10
32.25 27.75 10.5
32 27.5 11
31.75 27.25 11.5
31.5 27 12
30.75 26.25 13.5
30.5 26 14
30.25 25.75 14.5
29.5 25 16
29.25 24.75 16.5
29 24.5 17
28.75 24.25 17.5
27.5 23 20
27.25 22.75 20.5
27 22.5 21
25 20.5 25
24.75 20.25 25.5
24.5 20 26
24.25 19.75 26.5
24 19.5 27
22.75 18.25 29.5
22.5 18 30
24.75 21.25 24.5
24.5 21 25
24.25 20.75 25.5
24 20.5 26
23.75 20.25 26.5
22.5 19 29
22.25 19.75 28.5
22 20.5 28
21.75 21.25 27.5
23.75 24.25 22.5
23.5 24 23
23.25 23.75 23.5
23 23.5 24
21.5 22 27
33.5 36.5 0.5
33 36 1.5
32.6667 35.25 2.58333
32.5556 34.5556 3.38889
32.4444 34.0556 4
32.25 33.75 4.5
32 33.5 5
31.75 33.25 5.5
31.5 33 6
31.25 32.75 6.5
31 32.5 7
30.75 32.25 7.5
30.5 32 8
30.25 31.75 8.5
30 31.5 9
29.25 30.75 10.5
29 30.5 11
28.75 30.25 11.5
28 29.5 13
27.75 29.25 13.5
27.5 29 14
27.25 28.75 14.5
26 27.5 17
25.75 27.25 17.5
25.5 27 18
23.5 25 22
23.25 24.75 22.5
23 24.5 23
22.75 24.25 23.5
22.5 24 24
21.25 22.75 26.5
21 22.5 27
32.6667 36.25 1.58333
32.5556 35.5556 2.38889
32.4444 35.0556 3
32.25 34.75 3.5
32 34.5 4
31.75 34.25 4.5
31.5 34 5
31.25 33.75 5.5
31 33.5 6
30.75 33.25 6.5
30.5 33 7
30.25 32.75 7.5
30 32.5 8
29.75 32.25 8.5
29.5 32 9
29.25 31.75 9.5
29 31.5 10
28.75 31.25 10.5
28.5 31 11
28.25 30.75 11.5
28 30.5 12
27.75 30.25 12.5
27.5 30 13
27.25 29.75 13.5
27 29.5 14
26.75 29.25 14.5
26.5 29 15
26.25 28.75 15.5
26 28.5 16
25.75 28.25 16.5
25.5 28 17
25.25 27.75 17.5
25 27.5 18
24.75 27.25 18.5
24.5 27 19
24.25 26.75 19.5
24 26.5 20
23.75 26.25 20.5
23.5 26 21
23.25 25.75 21.5
22.5 25 23
22.25 24.75 23.5
22 24.5 24
21.75 24.25 24.5
21.5 24 25
21.25 23.75 25.5
21 23.5 26
20.75 23.25 26.5
20.5 23 27
20.25 22.75 27.5
26.25 29.75 14.5
26 29.5 15
25.75 29.25 15.5
21.75 25.25 23.5
21.5 25 24
21.25 24.75 24.5
21 24.5 25
20.75 24.25 25.5
20 23.5 27
20.75 25.25 24.5
20.5 25 25
20.25 24.75 25.5
20 24.5 26
19.75 24.25 26.5
20.25 25.75 24.5
20 25.5 25
19.75 25.25 25.5
19.5 25 26
24.25 15.75 30.5
24 15.5 31
23.75 15.25 31.5
23.5 15 32
24.25 16.75 29.5
24 16.5 30
23.75 16.25 30.5
23.5 16 31
23.25 15.75 31.5
32.5 26 12
32.25 25.75 12.5
32 25.5 13
31.75 25.25 13.5
31.25 24.75 14.5
31 24.5 15
30.75 24.25 15.5
30.5 24 16
29.75 23.25 17.5
29.5 23 18
29.25 22.75 18.5
29 22.5 19
28.75 22.25 19.5
28.5 22 20
28 21.5 21
27.75 21.25 21.5
27.5 21 22
27.25 20.75 22.5
27 20.5 23
26.75 20.25 23.5
26.5 20 24
26.25 19.75 24.5
26 19.5 25
25 18.5 27
24.75 18.25 27.5
24.5 18 28
24.25 17.75 28.5
24 17.5 29
23.75 17.25 29.5
23.5 17 30
23.25 16.75 30.5
23 16.5 31
37 33 0.5
36.5 32.5 1.5
36 32 2.5
35.5 31.5 3.5
35 31 4.5
34.5 30.5 5.5
34 30 6.5
33.6667 29.25 7.58333
33.5556 28.5556 8.38889
33.4444 28.0556 9
33.25 27.75 9.5
33 27.5 10
32.75 27.25 10.5
32.5 27 11
32.25 26.75 11.5
32 26.5 12
31.75 26.25 12.5
31.5 26 13
31.25 25.75 13.5
31 25.5 14
30.75 25.25 14.5
30.5 25 15
30.25 24.75 15.5
30 24.5 16
29.75 24.25 16.5
29.5 24 17
29.25 23.75 17.5
29 23.5 18
28.5 23 19
28.25 22.75 19.5
28 22.5 20
27.75 22.25 20.5
27.5 22 21
27.25 21.75 21.5
27 21.5 22
26.75 21.25 22.5
26.5 21 23
26 20.5 24
25.75 20.25 24.5
24.75 19.25 26.5
24.5 19 27
24.25 18.75 27.5
24 18.5 28
23.75 18.25 28.5
23.5 18 29
23.25 17.75 29.5
23 17.5 30
36.5 33.5 0.5
36 33 1.5
31.25 26.75 12.5
31 26.5 13
30.75 26.25 13.5
29.75 25.25 15.5
29.5 25 16
28 23.5 19
27.75 23.25 19.5
27.5 23 20
25.5 21 24
25.25 20.75 24.5
25 20.5 25
24.75 20.25 25.5
24.5 20 26
24.25 19.75 26.5
23.5 19 28
23.25 18.75 28.5
25 21.5 24
24.75 21.25 24.5
24.5 21 25
23 19.5 28
22.75 20.25 27.5
24.5 23 23
24.25 22.75 23.5
24 22.5 24
22.5 21 27
34.5 35.5 0.5
34 35 1.5
30.25 29.75 10.5
30 29.5 11
29.75 29.25 11.5
28.75 28.25 13.5
28.5 28 14
27 26.5 17
26.75 26.25 17.5
26.5 26 18
24.5 24 22
24.25 23.75 22.5
24 23.5 23
23.75 23.25 23.5
23.5 23 24
23.25 22.75 24.5
22.5 22 26
22.25 21.75 26.5
34 36 0.5
33.6667 35.25 1.58333
33.5556 34.5556 2.38889
33.4444 34.0556 3
33.25 33.75 3.5
33 33.5 4
32.75 33.25 4.5
32.5 33 5
32.25 32.75 5.5
32 32.5 6
31.75 32.25 6.5
31.5 32 7
31.25 31.75 7.5
31 31.5 8
30.75 31.25 8.5
30.5 31 9
30.25 30.75 9.5
30 30.5 10
29.75 30.25 10.5
29.5 30 11
29.25 29.75 11.5
29 29.5 12
28.75 29.25 12.5
28.5 29 13
28.25 28.75 13.5
28 28.5 14
27.75 28.25 14.5
27.5 28 15
27 27.5 16
26.75 27.25 16.5
26.5 27 17
26.25 26.75 17.5
26 26.5 18
25.75 26.25 18.5
25.5 26 19
25.25 25.75 19.5
25 25.5 20
24.5 25 21
24.25 24.75 21.5
23.5 24 23
23.25 23.75 23.5
23 23.5 24
22.75 23.25 24.5
22.5 23 25
22.25 22.75 25.5
22 22.5 26
21.75 22.25 26.5
21.5 22 27
30.5 32 8
30.25 31.75 8.5
30 31.5 9
29.75 31.25 9.5
29.25 30.75 10.5
29 30.5 11
28.75 30.25 11.5
28.5 30 12
27.75 29.25 13.5
27.5 29 14
27.25 28.75 14.5
27 28.5 15
26.75 28.25 15.5
26.5 28 16
26 27.5 17
25.75 27.25 17.5
25.5 27 18
25.25 26.75 18.5
25 26.5 19
24.75 26.25 19.5
24.5 26 20
24.25 25.75 20.5
24 25.5 21
23 24.5 23
22.75 24.25 23.5
22.5 24 24
22.25 23.75 24.5
22 23.5 25
21.75 23.25 25.5
21.5 23 26
21.25 22.75 26.5
21 22.5 27
21.75 24.25 24.5
21.5 24 25
21.25 23.75 25.5
21 23.5 26
20.75 23.25 26.5
21.25 24.75 24.5
21 24.5 25
20.75 24.25 25.5
20.5 24 26
24.75 15.25 30.5
24.5 15 31
24.75 16.25 29.5
24.5 16 30
24.25 15.75 30.5
24 15.5 31
30 22.5 18
29.75 22.25 18.5
29.5 22 19
27.5 20 23
27.25 19.75 23.5
27 19.5 24
24.5 17 29
24.25 16.75 29.5
24 16.5 30
23.75 16.25 30.5
37 32 1.5
36.5 31.5 2.5
36 31 3.5
35.5 30.5 4.5
35 30 5.5
34.6667 29.25 6.58333
34.5556 28.5556 7.38889
34.4444 28.0556 8
34.25 27.75 8.5
34 27.5 9
33.75 27.25 9.5
33.5 27 10
33.25 26.75 10.5
33 26.5 11
32.75 26.25 11.5
32.5 26 12
32.25 25.75 12.5
31.75 25.25 13.5
31.5 25 14
31.25 24.75 14.5
31 24.5 15
30.75 24.25 15.5
30.5 24 16
30.25 23.75 16.5
30 23.5 17
29.75 23.25 17.5
29.5 23 18
29.25 22.75 18.5
29 22.5 19
28.5 22 20
28.25 21.75 20.5
28 21.5 21
27.75 21.25 21.5
27.5 21 22
27.25 20.75 22.5
27 20.5 23
26.75 20.25 23.5
26.5 20 24
25.25 18.75 26.5
25 18.5 27
24.75 18.25 27.5
24.5 18 28
24.25 17.75 28.5
24 17.5 29
23.75 17.25 29.5
23.5 17 30
37 33 0.5
36.5 32.5 1.5
36 32 2.5
35.5 31.5 3.5
35 31 4.5
34.6667 30.25 5.58333
34.5556 29.5556 6.38889
34.4444 29.0556 7
34.25 28.75 7.5
34 28.5 8
33.75 28.25 8.5
33.5 28 9
33.25 27.75 9.5
33 27.5 10
32.75 27.25 10.5
32.5 27 11
32.25 26.75 11.5
32 26.5 12
31.75 26.25 12.5
31.5 26 13
31.25 25.75 13.5
31 25.5 14
30.75 25.25 14.5
30.5 25 15
30.25 24.75 15.5
30 24.5 16
29.75 24.25 16.5
29.5 24 17
29 23.5 18
28.75 23.25 18.5
28.5 23 19
28.25 22.75 19.5
28 22.5 20
27.75 22.25 20.5
27.5 22 21
27.25 21.75 21.5
27 21.5 22
26.5 21 23
26.25 20.75 23.5
26 20.5 24
25.5 20 25
25.25 19.75 25.5
25 19.5 26
24.75 19.25 26.5
24.5 19 27
24.25 18.75 27.5
24 18.5 28
23.75 18.25 28.5
23.5 18 29
36.5 33.5 0.5
36 33 1.5
35.5 32.5 2.5
35 32 3.5
34.6667 31.25 4.58333
34.5556 30.5556 5.38889
34.4444 30.0556 6
34.25 29.75 6.5
34 29.5 7
33.75 29.25 7.5
33.5 29 8
33.25 28.75 8.5
33 28.5 9
32.75 28.25 9.5
32.5 28 10
31.75 27.25 11.5
31.5 27 12
31.25 26.75 12.5
30.5 26 14
30.25 25.75 14.5
30 25.5 15
29.75 25.25 15.5
28.5 24 18
28.25 23.75 18.5
28 23.5 19
26 21.5 23
25.75 21.25 23.5
25.5 21 24
25.25 20.75 24.5
25 20.5 25
23.75 19.25 27.5
23.5 19 28
36 34 0.5
35.5 33.5 1.5
31.25 27.75 11.5
31 27.5 12
28 24.5 18
27.75 24.25 18.5
25.75 22.25 22.5
25.5 22 23
25.25 21.75 23.5
25 21.5 24
23.5 20 27
23.25 19.75 27.5
35.5 34.5 0.5
35 34 1.5
34.6667 33.25 2.58333
34.5556 32.5556 3.38889
34.4444 32.0556 4
34.25 31.75 4.5
34 31.5 5
33.75 31.25 5.5
33.5 31 6
33.25 30.75 6.5
33 30.5 7
32.75 30.25 7.5
32.5 30 8
32.25 29.75 8.5
32 29.5 9
31.25 28.75 10.5
31 28.5 11
30.75 28.25 11.5
30 27.5 13
29.75 27.25 13.5
29.5 27 14
29.25 26.75 14.5
28 25.5 17
27.75 25.25 17.5
27.5 25 18
25.5 23 22
25.25 22.75 22.5
25 22.5 23
24.75 22.25 23.5
24.5 22 24
23.25 20.75 26.5
23 20.5 27
35 35 0.5
34.6667 34.25 1.58333
34.5556 33.5556 2.38889
34.4444 33.0556 3
34.25 32.75 3.5
34 32.5 4
33.75 32.25 4.5
33.5 32 5
33.25 31.75 5.5
33 31.5 6
32.75 31.25 6.5
32.5 31 7
32.25 30.75 7.5
32 30.5 8
31.75 30.25 8.5
31.5 30 9
31.25 29.75 9.5
31 29.5 10
30.75 29.25 10.5
30.5 29 11
30.25 28.75 11.5
30 28.5 12
29.75 28.25 12.5
29.5 28 13
29.25 27.75 13.5
29 27.5 14
28.75 27.25 14.5
28.5 27 15
28 26.5 16
27.75 26.25 16.5
27.5 26 17
27.25 25.75 17.5
27 25.5 18
26.75 25.25 18.5
26.5 25 19
26.25 24.75 19.5
26 24.5 20
25.5 24 21
25.25 23.75 21.5
25 23.5 22
24.5 23 23
24.25 22.75 23.5
24 22.5 24
23.75 22.25 24.5
23.5 22 25
23.25 21.75 25.5
23 21.5 26
22.75 21.25 26.5
22.5 21 27
34.5556 34.5556 1.38889
34.4444 34.0556 2
34.25 33.75 2.5
34 33.5 3
33.75 33.25 3.5
33.5 33 4
33.25 32.75 4.5
33 32.5 5
32.75 32.25 5.5
32.5 32 6
32.25 31.75 6.5
32 31.5 7
31.75 31.25 7.5
31.5 31 8
31.25 30.75 8.5
31 30.5 9
30.75 30.25 9.5
30.25 29.75 10.5
30 29.5 11
29.75 29.25 11.5
29.5 29 12
29.25 28.75 12.5
29 28.5 13
28.75 28.25 13.5
28.5 28 14
28.25 27.75 14.5
28 27.5 15
27.75 27.25 15.5
27.5 27 16
27 26.5 17
26.75 26.25 17.5
26.5 26 18
26.25 25.75 18.5
26 25.5 19
25.75 25.25 19.5
25.5 25 20
25.25 24.75 20.5
25 24.5 21
23.75 23.25 23.5
23.5 23 24
23.25 22.75 24.5
23 22.5 25
22.75 22.25 25.5
22.5 22 26
22.25 21.75 26.5
22 21.5 27
28 28.5 14
27.75 28.25 14.5
27.5 28 15
25.5 26 19
25.25 25.75 19.5
25 25.5 20
22.5 23 25
22.25 22.75 25.5
22 22.5 26
21.75 22.25 26.5
22.25 23.75 24.5
22 23.5 25
21.75 23.25 25.5
21.5 23 26
21.75 24.25 24.5
21.5 24 25
25.25 15.75 29.5
25 15.5 30
25.25 16.75 28.5
25 16.5 29
24.75 16.25 29.5
24.5 16 30
30.5 23 17
30.25 22.75 17.5
30 22.5 18
28 20.5 22
27.75 20.25 22.5
27.5 20 23
25 17.5 28
24.75 17.25 28.5
24.5 17 29
24.25 16.75 29.5
33.5 27 10
33.25 26.75 10.5
33 26.5 11
32.75 26.25 11.5
32.25 25.75 12.5
32 25.5 13
31.75 25.25 13.5
31.5 25 14
30.75 24.25 15.5
30.5 24 16
30.25 23.75 16.5
30 23.5 17
29.75 23.25 17.5
29.5 23 18
29 22.5 19
28.75 22.25 19.5
28.5 22 20
28.25 21.75 20.5
28 21.5 21
27.75 21.25 21.5
27.5 21 22
27.25 20.75 22.5
27 20.5 23
26 19.5 25
25.75 19.25 25.5
25.5 19 26
25.25 18.75 26.5
25 18.5 27
24.75 18.25 27.5
24.5 18 28
24.25 17.75 28.5
24 17.5 29
36.5 32.5 1.5
36 32 2.5
35.6667 31.25 3.58333
35.5556 30.5556 4.38889
35.4444 30.0556 5
35.25 29.75 5.5
35 29.5 6
34.75 29.25 6.5
34.5 29 7
34.25 28.75 7.5
34 28.5 8
33.75 28.25 8.5
33.5 28 9
33.25 27.75 9.5
33 27.5 10
32.75 27.25 10.5
32.5 27 11
32.25 26.75 11.5
32 26.5 12
31.75 26.25 12.5
31.5 26 13
31.25 25.75 13.5
31 25.5 14
30.75 25.25 14.5
30.5 25 15
30.25 24.75 15.5
30 24.5 16
29.75 24.25 16.5
29.5 24 17
29.25 23.75 17.5
29 23.5 18
28.75 23.25 18.5
28.5 23 19
28.25 22.75 19.5
28 22.5 20
27.75 22.25 20.5
27.5 22 21
27.25 21.75 21.5
27 21.5 22
26.75 21.25 22.5
26 20.5 24
25.75 20.25 24.5
25.5 20 25
25.25 19.75 25.5
25 19.5 26
24.75 19.25 26.5
24.5 19 27
24.25 18.75 27.5
24 18.5 28
23.75 18.25 28.5
36 33 1.5
35.6667 32.25 2.58333
35.5556 31.5556 3.38889
35.4444 31.0556 4
35.25 30.75 4.5
35 30.5 5
34.75 30.25 5.5
34.5 30 6
34.25 29.75 6.5
34 29.5 7
33.75 29.25 7.5
33.5 29 8
33.25 28.75 8.5
33 28.5 9
32.75 28.25 9.5
32.5 28 10
32.25 27.75 10.5
32 27.5 11
31.75 27.25 11.5
31.5 27 12
31.25 26.75 12.5
31 26.5 13
30.75 26.25 13.5
30.5 26 14
30.25 25.75 14.5
30 25.5 15
29.75 25.25 15.5
29.25 24.75 16.5
29 24.5 17
28.75 24.25 17.5
28.5 24 18
28.25 23.75 18.5
28 23.5 19
27.75 23.25 19.5
27.5 23 20
27.25 22.75 20.5
27 22.5 21
26.75 22.25 21.5
26.5 22 22
25.75 21.25 23.5
25.5 21 24
25.25 20.75 24.5
24 19.5 27
23.75 19.25 27.5
23.5 19 28
35.6667 33.25 1.58333
35.5556 32.5556 2.38889
35.4444 32.0556 3
35.25 31.75 3.5
35 31.5 4
34.75 31.25 4.5
34.5 31 5
34.25 30.75 5.5
34 30.5 6
33.75 30.25 6.5
33.5 30 7
33.25 29.75 7.5
33 29.5 8
32.75 29.25 8.5
32.5 29 9
32.25 28.75 9.5
32 28.5 10
31.75 28.25 10.5
31.5 28 11
31.25 27.75 11.5
31 27.5 12
30.75 27.25 12.5
30.5 27 13
30.25 26.75 13.5
30 26.5 14
29.75 26.25 14.5
29.5 26 15
29.25 25.75 15.5
29 25.5 16
28.75 25.25 16.5
28.5 25 17
28.25 24.75 17.5
28 24.5 18
27.75 24.25 18.5
27.5 24 19
27.25 23.75 19.5
27 23.5 20
26.75 23.25 20.5
26.5 23 21
26.25 22.75 21.5
25.5 22 23
25.25 21.75 23.5
25 21.5 24
24.75 21.25 24.5
24.5 21 25
24.25 20.75 25.5
24 20.5 26
23.75 20.25 26.5
23.5 20 27
23.25 19.75 27.5
32.5 30 8
32.25 29.75 8.5
32 29.5 9
31.75 29.25 9.5
31.25 28.75 10.5
31 28.5 11
30.75 28.25 11.5
30.5 28 12
29.75 27.25 13.5
29.5 27 14
29.25 26.75 14.5
29 26.5 15
28.75 26.25 15.5
28.5 26 16
28 25.5 17
27.75 25.25 17.5
27.5 25 18
27.25 24.75 18.5
27 24.5 19
26.75 24.25 19.5
26.5 24 20
26.25 23.75 20.5
26 23.5 21
25 22.5 23
24.75 22.25 23.5
24.5 22 24
24.25 21.75 24.5
24 21.5 25
23.75 21.25 25.5
23.5 21 26
23.25 20.75 26.5
23 20.5 27
29 27.5 14
28.75 27.25 14.5
28.5 27 15
26.5 25 19
26.25 24.75 19.5
26 24.5 20
23.5 22 25
23.25 21.75 25.5
23 21.5 26
22.75 21.25 26.5
23.25 22.75 24.5
23 22.5 25
22.75 22.25 25.5
22.5 22 26
22.75 23.25 24.5
22.5 23 25
25.75 16.25 28.5
25.5 16 29
25.75 17.25 27.5
25.5 17 28
25.25 16.75 28.5
25 16.5 29
25.75 18.25 26.5
25.5 18 27
25.25 17.75 27.5
25 17.5 28
24.75 17.25 28.5
30.75 24.25 15.5
30.5 24 16
30.25 23.75 16.5
26.25 19.75 24.5
26 19.5 25
25.75 19.25 25.5
25.5 19 26
25.25 18.75 26.5
24.5 18 28
30.5 25 15
30.25 24.75 15.5
30 24.5 16
26 20.5 24
25.75 20.25 24.5
25.5 20 25
25.25 19.75 25.5
25 19.5 26
24.25 18.75 27.5
30.25 25.75 14.5
30 25.5 15
29.75 25.25 15.5
25.75 21.25 23.5
25.5 21 24
25.25 20.75 24.5
25 20.5 25
24.75 20.25 25.5
24 19.5 27
24.75 21.25 24.5
24.5 21 25
24.25 20.75 25.5
24 20.5 26
23.75 20.25 26.5
24.25 21.75 24.5
24 21.5 25
23.75 21.25 25.5
23.5 21 26
23.75 22.25 24.5
23.5 22 25
26.25 16.75 27.5
26 16.5 28
26.25 17.75 26.5
26 17.5 27
25.75 17.25 27.5
25.5 17 28
26 18.5 26
25.75 18.25 26.5
25.5 18 27
25.25 17.75 27.5
25.75 19.25 25.5
25 18.5 27
25.5 20 25
25.25 19.75 25.5
25 19.5 26
24.75 19.25 26.5
25.25 20.75 24.5
25 20.5 25
24.75 20.25 25.5
24.5 20 26
24.75 21.25 24.5
24.5 21 25
26.75 18.25 25.5
26.5 18 26
26.25 17.75 26.5
26 17.5 27
26.5 19 25
26.25 18.75 25.5
26 18.5 26
25.75 18.25 26.5
26.25 19.75 24.5
26 19.5 25
25.75 19.25 25.5
25.5 19 26
