104.5
105.5
106.5
107.5
105.5
106.5
107.5
108.5
106.5
107.5
108.5
109.5
104.5
105.5
104.5
105.5
106.5
107.5
104.5
105.5
106.5
107.5
108.5
105.5
106.5
109.5
106.5
107.5
108.5
109.5
110.5
108.5
109.5
110.5
111.5
110.5
111.5
104.5
105.5
104.5
105.5
106.5
107.5
104.5
105.5
106.5
107.5
108.5
84.5
85.5
86.5
102.5
103.5
104.5
105.5
106.5
109.5
85.5
86.5
87.5
103.5
104.5
105.5
106.5
110.5
86.5
87.5
88.5
104.5
105.5
106.5
107.5
108.5
111.5
108.5
109.5
110.5
111.5
112.5
110.5
111.5
112.5
113.5
112.5
113.5
104.5
105.5
104.5
105.5
106.5
107.5
83.5
84.5
85.5
93.5
94.5
95.5
105.5
106.5
107.5
108.5
71.5
72.5
73.5
74.5
76.5
77.5
78.5
79.5
82.5
83.5
84.5
85.5
86.5
87.5
89.5
90.5
91.5
92.5
93.5
94.5
95.5
96.5
97.5
101.5
102.5
103.5
104.5
105.5
106.5
107.5
108.5
109.5
59.5
60.5
61.5
62.5
63.5
64.5
65.5
66.5
67.5
68.5
69.5
70.5
71.5
72.5
73.5
74.5
75.5
76.5
77.5
78.5
79.5
80.5
81.5
82.5
83.5
84.5
85.5
86.5
87.5
88.5
89.5
90.5
91.5
92.5
93.5
94.5
95.5
96.5
97.5
98.5
101.5
102.5
103.5
104.5
105.5
106.5
107.5
108.5
109.5
110.5
60.5
61.5
62.5
63.5
64.5
65.5
66.5
67.5
68.5
69.5
70.5
71.5
72.5
73.5
74.5
75.5
76.5
77.5
78.5
79.5
80.5
81.5
82.5
83.5
84.5
85.5
86.5
88.5
89.5
90.5
91.5
92.5
93.5
94.5
95.5
96.5
97.5
98.5
99.5
102.5
103.5
104.5
109.5
110.5
111.5
61.5
62.5
63.5
64.5
65.5
66.5
67.5
68.5
69.5
70.5
71.5
72.5
73.5
74.5
75.5
76.5
77.5
78.5
79.5
80.5
81.5
82.5
83.5
84.5
85.5
86.5
87.5
88.5
89.5
90.5
91.5
92.5
93.5
94.5
95.5
96.5
97.5
98.5
99.5
100.5
103.5
104.5
105.5
106.5
107.5
108.5
109.5
110.5
111.5
112.5
75.5
76.5
77.5
78.5
80.5
81.5
82.5
83.5
86.5
87.5
88.5
89.5
90.5
91.5
93.5
94.5
95.5
96.5
97.5
98.5
99.5
100.5
101.5
105.5
106.5
107.5
108.5
109.5
110.5
111.5
112.5
113.5
89.5
90.5
91.5
99.5
100.5
101.5
111.5
112.5
113.5
114.5
112.5
113.5
114.5
115.5
114.5
115.5
104.5
105.5
104.5
105.5
106.5
107.5
83.5
84.5
85.5
93.5
94.5
95.5
105.5
106.5
107.5
108.5
58.5
59.5
60.5
61.5
62.5
63.5
64.5
65.5
66.5
67.5
68.5
69.5
70.5
71.5
72.5
73.5
74.5
76.5
77.5
78.5
79.5
80.5
81.5
82.5
83.5
84.5
85.5
86.5
87.5
89.5
90.5
91.5
92.5
93.5
94.5
95.5
96.5
97.5
102.5
103.5
104.5
105.5
106.5
107.5
108.5
109.5
58.5
59.5
60.5
61.5
62.5
63.5
64.5
65.5
66.5
67.5
68.5
69.5
70.5
71.5
72.5
73.5
74.5
75.5
76.5
77.5
78.5
79.5
80.5
81.5
82.5
83.5
84.5
85.5
87.5
88.5
89.5
90.5
91.5
92.5
93.5
94.5
95.5
97.5
98.5
99.5
101.5
102.5
103.5
104.5
105.5
106.5
107.5
108.5
109.5
59.5
60.5
61.5
62.5
63.5
64.5
65.5
66.5
67.5
68.5
69.5
70.5
71.5
72.5
73.5
76.5
77.5
78.5
81.5
82.5
83.5
84.5
89.5
90.5
91.5
99.5
100.5
101.5
102.5
103.5
108.5
109.5
60.5
61.5
78.5
79.5
91.5
92.5
100.5
101.5
102.5
103.5
109.5
110.5
61.5
62.5
63.5
64.5
65.5
66.5
67.5
68.5
69.5
70.5
71.5
72.5
73.5
74.5
75.5
78.5
79.5
80.5
83.5
84.5
85.5
86.5
91.5
92.5
93.5
101.5
102.5
103.5
104.5
105.5
110.5
111.5
62.5
63.5
64.5
65.5
66.5
67.5
68.5
69.5
70.5
71.5
72.5
73.5
74.5
75.5
76.5
77.5
78.5
79.5
80.5
81.5
82.5
83.5
84.5
85.5
86.5
87.5
88.5
89.5
91.5
92.5
93.5
94.5
95.5
96.5
97.5
98.5
99.5
101.5
102.5
103.5
105.5
106.5
107.5
108.5
109.5
110.5
111.5
112.5
113.5
64.5
65.5
66.5
67.5
68.5
69.5
70.5
71.5
72.5
73.5
74.5
75.5
76.5
77.5
78.5
79.5
80.5
82.5
83.5
84.5
85.5
86.5
87.5
88.5
89.5
90.5
91.5
92.5
93.5
95.5
96.5
97.5
98.5
99.5
100.5
101.5
102.5
103.5
108.5
109.5
110.5
111.5
112.5
113.5
114.5
115.5
91.5
92.5
93.5
101.5
102.5
103.5
113.5
114.5
115.5
116.5
114.5
115.5
116.5
117.5
116.5
117.5
104.5
105.5
106.5
107.5
104.5
105.5
106.5
107.5
108.5
71.5
72.5
73.5
74.5
76.5
77.5
78.5
79.5
82.5
83.5
84.5
85.5
86.5
87.5
89.5
90.5
91.5
92.5
93.5
94.5
95.5
96.5
97.5
101.5
102.5
103.5
104.5
105.5
106.5
107.5
108.5
109.5
58.5
59.5
60.5
61.5
62.5
63.5
64.5
65.5
66.5
67.5
68.5
69.5
70.5
71.5
72.5
73.5
74.5
75.5
76.5
77.5
78.5
79.5
80.5
81.5
82.5
83.5
84.5
85.5
87.5
88.5
89.5
90.5
91.5
92.5
93.5
94.5
95.5
97.5
98.5
99.5
101.5
102.5
103.5
104.5
105.5
106.5
107.5
108.5
109.5
59.5
60.5
76.5
77.5
78.5
82.5
83.5
89.5
90.5
91.5
99.5
100.5
101.5
102.5
103.5
104.5
107.5
108.5
101.5
102.5
103.5
109.5
110.5
103.5
104.5
105.5
111.5
63.5
64.5
80.5
81.5
82.5
86.5
87.5
93.5
94.5
95.5
103.5
104.5
105.5
106.5
107.5
108.5
111.5
112.5
64.5
65.5
66.5
67.5
68.5
69.5
70.5
71.5
72.5
73.5
74.5
75.5
76.5
77.5
78.5
79.5
80.5
81.5
82.5
83.5
84.5
85.5
86.5
87.5
88.5
89.5
90.5
91.5
93.5
94.5
95.5
96.5
97.5
98.5
99.5
100.5
101.5
103.5
104.5
105.5
107.5
108.5
109.5
110.5
111.5
112.5
113.5
114.5
115.5
79.5
80.5
81.5
82.5
84.5
85.5
86.5
87.5
90.5
91.5
92.5
93.5
94.5
95.5
97.5
98.5
99.5
100.5
101.5
102.5
103.5
104.5
105.5
109.5
110.5
111.5
112.5
113.5
114.5
115.5
116.5
117.5
114.5
115.5
116.5
117.5
118.5
116.5
117.5
118.5
119.5
104.5
105.5
106.5
107.5
105.5
106.5
107.5
108.5
84.5
85.5
86.5
102.5
103.5
104.5
105.5
106.5
109.5
59.5
60.5
61.5
62.5
63.5
64.5
65.5
66.5
67.5
68.5
69.5
70.5
71.5
72.5
73.5
74.5
75.5
76.5
77.5
78.5
79.5
80.5
81.5
82.5
83.5
84.5
85.5
86.5
87.5
88.5
89.5
90.5
91.5
92.5
93.5
94.5
95.5
96.5
97.5
98.5
101.5
102.5
103.5
104.5
105.5
106.5
107.5
108.5
109.5
110.5
59.5
60.5
61.5
62.5
63.5
64.5
65.5
66.5
67.5
68.5
69.5
70.5
71.5
72.5
73.5
76.5
77.5
78.5
81.5
82.5
83.5
84.5
89.5
90.5
91.5
99.5
100.5
101.5
102.5
103.5
108.5
109.5
101.5
102.5
103.5
109.5
110.5
111.5
112.5
105.5
106.5
107.5
113.5
65.5
66.5
67.5
68.5
69.5
70.5
71.5
72.5
73.5
74.5
75.5
76.5
77.5
78.5
79.5
82.5
83.5
84.5
87.5
88.5
89.5
90.5
95.5
96.5
97.5
105.5
106.5
107.5
108.5
109.5
114.5
115.5
67.5
68.5
69.5
70.5
71.5
72.5
73.5
74.5
75.5
76.5
77.5
78.5
79.5
80.5
81.5
82.5
83.5
84.5
85.5
86.5
87.5
88.5
89.5
90.5
91.5
92.5
93.5
94.5
95.5
96.5
97.5
98.5
99.5
100.5
101.5
102.5
103.5
104.5
105.5
106.5
109.5
110.5
111.5
112.5
113.5
114.5
115.5
116.5
117.5
118.5
94.5
95.5
96.5
112.5
113.5
114.5
115.5
116.5
119.5
116.5
117.5
118.5
119.5
120.5
118.5
119.5
120.5
121.5
105.5
106.5
107.5
108.5
106.5
109.5
85.5
86.5
87.5
103.5
104.5
105.5
106.5
107.5
110.5
60.5
61.5
62.5
63.5
64.5
65.5
66.5
67.5
68.5
69.5
70.5
71.5
72.5
73.5
74.5
75.5
76.5
77.5
78.5
79.5
80.5
81.5
82.5
83.5
84.5
85.5
86.5
88.5
89.5
90.5
91.5
92.5
93.5
94.5
95.5
96.5
97.5
98.5
99.5
102.5
103.5
104.5
109.5
110.5
111.5
60.5
61.5
78.5
79.5
91.5
92.5
100.5
101.5
102.5
103.5
109.5
110.5
110.5
111.5
112.5
113.5
114.5
66.5
67.5
84.5
85.5
97.5
98.5
106.5
107.5
108.5
109.5
115.5
116.5
68.5
69.5
70.5
71.5
72.5
73.5
74.5
75.5
76.5
77.5
78.5
79.5
80.5
81.5
82.5
83.5
84.5
85.5
86.5
87.5
88.5
89.5
90.5
91.5
92.5
93.5
94.5
96.5
97.5
98.5
99.5
100.5
101.5
102.5
103.5
104.5
105.5
106.5
107.5
110.5
111.5
112.5
117.5
118.5
119.5
95.5
96.5
97.5
113.5
114.5
115.5
116.5
120.5
117.5
118.5
121.5
119.5
120.5
121.5
122.5
106.5
107.5
108.5
109.5
107.5
108.5
109.5
110.5
86.5
87.5
88.5
104.5
105.5
106.5
107.5
108.5
111.5
61.5
62.5
63.5
64.5
65.5
66.5
67.5
68.5
69.5
70.5
71.5
72.5
73.5
74.5
75.5
76.5
77.5
78.5
79.5
80.5
81.5
82.5
83.5
84.5
85.5
86.5
87.5
88.5
89.5
90.5
91.5
92.5
93.5
94.5
95.5
96.5
97.5
98.5
99.5
100.5
103.5
104.5
105.5
106.5
107.5
108.5
109.5
110.5
111.5
112.5
61.5
62.5
63.5
64.5
65.5
66.5
67.5
68.5
69.5
70.5
71.5
72.5
73.5
74.5
75.5
78.5
79.5
80.5
83.5
84.5
85.5
86.5
91.5
92.5
93.5
101.5
102.5
103.5
104.5
105.5
110.5
111.5
102.5
103.5
104.5
105.5
106.5
111.5
112.5
113.5
114.5
106.5
107.5
108.5
109.5
115.5
67.5
68.5
69.5
70.5
71.5
72.5
73.5
74.5
75.5
76.5
77.5
78.5
79.5
80.5
81.5
84.5
85.5
86.5
89.5
90.5
91.5
92.5
97.5
98.5
99.5
107.5
108.5
109.5
110.5
111.5
116.5
117.5
69.5
70.5
71.5
72.5
73.5
74.5
75.5
76.5
77.5
78.5
79.5
80.5
81.5
82.5
83.5
84.5
85.5
86.5
87.5
88.5
89.5
90.5
91.5
92.5
93.5
94.5
95.5
96.5
97.5
98.5
99.5
100.5
101.5
102.5
103.5
104.5
105.5
106.5
107.5
108.5
111.5
112.5
113.5
114.5
115.5
116.5
117.5
118.5
119.5
120.5
96.5
97.5
98.5
114.5
115.5
116.5
117.5
118.5
121.5
118.5
119.5
120.5
121.5
122.5
120.5
121.5
122.5
123.5
108.5
109.5
110.5
111.5
108.5
109.5
110.5
111.5
112.5
75.5
76.5
77.5
78.5
80.5
81.5
82.5
83.5
86.5
87.5
88.5
89.5
90.5
91.5
93.5
94.5
95.5
96.5
97.5
98.5
99.5
100.5
101.5
105.5
106.5
107.5
108.5
109.5
110.5
111.5
112.5
113.5
62.5
63.5
64.5
65.5
66.5
67.5
68.5
69.5
70.5
71.5
72.5
73.5
74.5
75.5
76.5
77.5
78.5
79.5
80.5
81.5
82.5
83.5
84.5
85.5
86.5
87.5
88.5
89.5
91.5
92.5
93.5
94.5
95.5
96.5
97.5
98.5
99.5
101.5
102.5
106.5
107.5
108.5
109.5
110.5
111.5
112.5
113.5
63.5
64.5
80.5
81.5
82.5
86.5
87.5
93.5
94.5
95.5
103.5
104.5
105.5
106.5
107.5
108.5
111.5
112.5
105.5
106.5
107.5
113.5
114.5
107.5
108.5
109.5
115.5
67.5
68.5
84.5
85.5
86.5
90.5
91.5
97.5
98.5
99.5
107.5
108.5
109.5
110.5
111.5
112.5
115.5
116.5
68.5
69.5
70.5
71.5
72.5
73.5
74.5
75.5
76.5
77.5
78.5
79.5
80.5
81.5
82.5
83.5
84.5
85.5
86.5
87.5
88.5
89.5
90.5
91.5
92.5
93.5
94.5
95.5
97.5
98.5
99.5
100.5
101.5
102.5
103.5
104.5
105.5
107.5
108.5
111.5
112.5
113.5
114.5
115.5
116.5
117.5
118.5
119.5
83.5
84.5
85.5
86.5
88.5
89.5
90.5
91.5
94.5
95.5
96.5
97.5
98.5
99.5
101.5
102.5
103.5
104.5
105.5
106.5
107.5
108.5
109.5
113.5
114.5
115.5
116.5
117.5
118.5
119.5
120.5
121.5
118.5
119.5
120.5
121.5
122.5
120.5
121.5
122.5
123.5
110.5
111.5
110.5
111.5
112.5
113.5
89.5
90.5
91.5
99.5
100.5
101.5
111.5
112.5
113.5
114.5
64.5
65.5
66.5
67.5
68.5
69.5
70.5
71.5
72.5
73.5
74.5
75.5
76.5
77.5
78.5
79.5
80.5
82.5
83.5
84.5
85.5
86.5
87.5
88.5
89.5
90.5
91.5
92.5
93.5
95.5
96.5
97.5
98.5
99.5
100.5
101.5
102.5
103.5
108.5
109.5
110.5
111.5
112.5
113.5
114.5
115.5
64.5
65.5
66.5
67.5
68.5
69.5
70.5
71.5
72.5
73.5
74.5
75.5
76.5
77.5
78.5
79.5
80.5
81.5
82.5
83.5
84.5
85.5
86.5
87.5
88.5
89.5
90.5
91.5
93.5
94.5
95.5
96.5
97.5
98.5
99.5
100.5
101.5
103.5
104.5
105.5
107.5
108.5
109.5
110.5
111.5
112.5
113.5
114.5
115.5
65.5
66.5
67.5
68.5
69.5
70.5
71.5
72.5
73.5
74.5
75.5
76.5
77.5
78.5
79.5
82.5
83.5
84.5
87.5
88.5
89.5
90.5
95.5
96.5
97.5
105.5
106.5
107.5
108.5
109.5
114.5
115.5
66.5
67.5
84.5
85.5
97.5
98.5
106.5
107.5
108.5
109.5
115.5
116.5
67.5
68.5
69.5
70.5
71.5
72.5
73.5
74.5
75.5
76.5
77.5
78.5
79.5
80.5
81.5
84.5
85.5
86.5
89.5
90.5
91.5
92.5
97.5
98.5
99.5
107.5
108.5
109.5
110.5
111.5
116.5
117.5
68.5
69.5
70.5
71.5
72.5
73.5
74.5
75.5
76.5
77.5
78.5
79.5
80.5
81.5
82.5
83.5
84.5
85.5
86.5
87.5
88.5
89.5
90.5
91.5
92.5
93.5
94.5
95.5
97.5
98.5
99.5
100.5
101.5
102.5
103.5
104.5
105.5
107.5
108.5
109.5
111.5
112.5
113.5
114.5
115.5
116.5
117.5
118.5
119.5
70.5
71.5
72.5
73.5
74.5
75.5
76.5
77.5
78.5
79.5
80.5
81.5
82.5
83.5
84.5
85.5
86.5
88.5
89.5
90.5
91.5
92.5
93.5
94.5
95.5
96.5
97.5
98.5
99.5
101.5
102.5
103.5
104.5
105.5
106.5
107.5
108.5
109.5
114.5
115.5
116.5
117.5
118.5
119.5
120.5
121.5
97.5
98.5
99.5
107.5
108.5
109.5
119.5
120.5
121.5
122.5
120.5
121.5
122.5
123.5
122.5
123.5
112.5
113.5
112.5
113.5
114.5
115.5
91.5
92.5
93.5
101.5
102.5
103.5
113.5
114.5
115.5
116.5
79.5
80.5
81.5
82.5
84.5
85.5
86.5
87.5
90.5
91.5
92.5
93.5
94.5
95.5
97.5
98.5
99.5
100.5
101.5
102.5
103.5
104.5
105.5
109.5
110.5
111.5
112.5
113.5
114.5
115.5
116.5
117.5
67.5
68.5
69.5
70.5
71.5
72.5
73.5
74.5
75.5
76.5
77.5
78.5
79.5
80.5
81.5
82.5
83.5
84.5
85.5
86.5
87.5
88.5
89.5
90.5
91.5
92.5
93.5
94.5
95.5
96.5
97.5
98.5
99.5
100.5
101.5
102.5
103.5
104.5
105.5
106.5
109.5
110.5
111.5
112.5
113.5
114.5
115.5
116.5
117.5
118.5
68.5
69.5
70.5
71.5
72.5
73.5
74.5
75.5
76.5
77.5
78.5
79.5
80.5
81.5
82.5
83.5
84.5
85.5
86.5
87.5
88.5
89.5
90.5
91.5
92.5
93.5
94.5
96.5
97.5
98.5
99.5
100.5
101.5
102.5
103.5
104.5
105.5
106.5
107.5
110.5
111.5
112.5
117.5
118.5
119.5
69.5
70.5
71.5
72.5
73.5
74.5
75.5
76.5
77.5
78.5
79.5
80.5
81.5
82.5
83.5
84.5
85.5
86.5
87.5
88.5
89.5
90.5
91.5
92.5
93.5
94.5
95.5
96.5
97.5
98.5
99.5
100.5
101.5
102.5
103.5
104.5
105.5
106.5
107.5
108.5
111.5
112.5
113.5
114.5
115.5
116.5
117.5
118.5
119.5
120.5
83.5
84.5
85.5
86.5
88.5
89.5
90.5
91.5
94.5
95.5
96.5
97.5
98.5
99.5
101.5
102.5
103.5
104.5
105.5
106.5
107.5
108.5
109.5
113.5
114.5
115.5
116.5
117.5
118.5
119.5
120.5
121.5
97.5
98.5
99.5
107.5
108.5
109.5
119.5
120.5
121.5
122.5
120.5
121.5
122.5
123.5
122.5
123.5
114.5
115.5
114.5
115.5
116.5
117.5
114.5
115.5
116.5
117.5
118.5
94.5
95.5
96.5
112.5
113.5
114.5
115.5
116.5
119.5
95.5
96.5
97.5
113.5
114.5
115.5
116.5
117.5
120.5
96.5
97.5
98.5
114.5
115.5
116.5
117.5
118.5
121.5
118.5
119.5
120.5
121.5
122.5
120.5
121.5
122.5
123.5
122.5
123.5
116.5
117.5
116.5
117.5
118.5
119.5
117.5
118.5
119.5
120.5
118.5
121.5
119.5
120.5
121.5
122.5
120.5
121.5
122.5
123.5
122.5
123.5
118.5
119.5
120.5
121.5
119.5
120.5
121.5
122.5
120.5
121.5
122.5
123.5
